27.876106194690266 -16.830199115044223
32.00589970501477 -15.417311946902643
37.68436578171094 -9.783185840707958
40.265486725663735 -8.935287610619454
43.362831858407105 -8.930309734513258
44.39528023598821 -9.491150442477874
47.49262536873158 -10.048672566371678
49.55752212389382 -10.607853982300867
53.68731563421831 -10.882466814159272
57.81710914454278 -11.157079646017678
60.91445427728617 -11.995851769911482
66.59292035398234 -13.111725663716811
69.17404129793512 -13.107577433628308
73.82005899705017 -13.381360619469021
77.94985250737464 -12.812223451327426
83.11209439528027 -11.67892699115042
85.69321533923305 -11.11227876106193
91.88790560471979 -8.852323008849538
91.88790560471979 -3.2273230088495524
97.05014749262538 -3.5002765486725593
99.11504424778765 -3.496957964601762
101.69616519174043 -4.3365597345132585
106.34218289085548 -5.454092920353958
109.43952802359884 -5.449115044247762
114.60176991150446 -5.440818584070769
120.79646017699118 -5.430862831858391
129.05604719764017 -4.2925884955752025
133.18584070796464 -3.4422013274336223
135.25073746312688 -2.595132743362811
136.79941002949857 -2.03014380530972
148.1563421828909 24.98810840707965
152.80235988200593 22.464325221238965
154.86725663716817 21.06139380530975
158.99705014749264 17.974280973451343
163.12684365781718 14.887168141592923
166.2241887905605 13.767146017699133
166.7404129793511 13.48672566371684
177.58112094395284 27.847898230088504
205.45722713864313 9.892699115044266
188.93805309734518 19.991150442477903
