32.796486090775986 4.420486891045186
41.50805270863836 4.96557933122962
47.65739385065885 4.396751634640765
52.78184480234259 3.82956085228669
57.39385065885796 3.822194738230152
68.66764275256222 2.6861762592872367
74.30453879941433 2.677173230995905
75.84187408491945 2.674717859643721
80.45387994143482 2.667351745587183
83.5285505124451 2.662441002882815
88.14055636896046 2.655074888826263
92.75256222547583 2.6477087747697254
94.80234260614932 2.6444349463001515
97.8770131771596 2.0805179924156505
99.92679355783307 2.0772441639460766
104.02635431918009 1.7911934014168622
105.05124450951683 1.7895564871820824
106.07613469985355 1.7879195729472883
112.22547584187407 2.616607404308752
119.39970717423134 2.8846521102552884
124.52415812591505 2.8764675390813466
131.69838945827232 2.8650091394378308
138.87262079062955 2.0150414230241296
146.55929721815517 1.4437583550830908
150.65885797950216 1.1577075925538765
151.17130307467056 1.1568891354364865
153.7335285505124 0.8732937442594562
165.00732064421666 0.8552876876767925
182.94289897510976 -0.2913707337922631
183.96778916544656 -0.29300764802705714
196.2664714494875 -0.3126506188445006
201.3909224011713 -0.04133208442836178
205.49048316251825 -0.04787974136752382
219.83894582723278 -0.07079654065455543
252.12298682284037 3.7906841392104837
283.89458272327965 7.093977065012794
