40.638606676342505 -7.634586958993523
45.21044992743106 -7.638198685064168
50.29027576197386 -7.642211714031546
53.33817126269955 -8.197614923117044
61.465892597968065 -9.310026552874987
69.59361393323655 -10.698935878485472
75.18142235123366 -11.256345602054665
76.19738751814222 -11.257148207848132
79.24528301886792 -10.983058329376036
85.3410740203193 -8.222897005611543
87.8809869375907 -4.906931169864819
90.92888243831638 -6.01532977065537
96.51669085631349 -9.890711844454998
101.08853410740201 -11.276812049788305
109.21625544267053 -12.112725983693707
113.28011611030479 -11.56294101516255
118.86792452830187 -9.078876084353851
120.89985486211901 -5.486011249857867
124.45573294629895 -2.7238434116096784
133.59941944847603 0.31040779062691115
136.13933236574744 -1.0740872031194613
139.1872278664731 -4.394467370730311
142.7431059506531 -5.779764970270136
150.8708272859216 -7.721669687585688
152.9027576197387 -7.9997725950251635
157.47460087082726 -5.514905058423011
162.0464441219158 -1.0945536508531006
165.09433962264148 0.8385224027342133
167.1262699564586 0.8369171911472648
171.19013062409286 0.8337067679733536
179.31785195936138 -0.002207165932063049
180.3338171262699 -1.1090005551356654
183.38171262699564 -1.1114083725160953
185.41364296081275 -0.8365158882505028
185.92162554426704 -0.8369171911472506
192.52539912917268 -1.1186318246573848
194.5573294629898 -1.3967347320968742
198.1132075471698 -1.67604154822655
204.7169811320755 -1.6812584858841575
206.74891146589255 -1.682863697471106
210.30478955007254 -1.6856728177482694
212.8447024673439 -1.6876793322319656
215.38461538461536 -1.4131881508631352
221.988388969521 -2.5243958719308637
223.51233671988388 -2.8020974764736053
225.544267053701 -2.2507072963555004
231.6400580551524 -0.32003906014860206
235.19593613933233 -0.3228481804257797
239.7677793904209 -0.3264599064964102
244.33962264150938 -0.05357393671452826
249.4194484760522 1.0484038177282287
251.45137880986937 1.0467986061412802
251.9593613933236 1.0463973032445466
260.5950653120464 -1.172406412820294
263.6429608127721 -0.3453211426431011
269.23076923076917 0.47975761305038134
275.8345428156748 0.4745406753927881
277.866473149492 0.4729354638058396
284.9782293178519 0.7438149191040253
291.0740203193033 -0.09049380321444289
297.16981132075466 -2.030793308943018
301.74165457184324 -1.2049119474560683
305.8055152394775 -1.2081223706299795
307.3294629898403 -1.2093262793201944
308.8534107402032 -0.9340324921578684
314.4412191582003 0.44404165524069583
316.98113207547163 1.271528228314594
320.02902757619734 1.269120410934164
327.64876632801156 -0.11938761177957247
331.7126269956458 -0.952091122511078
334.7605224963715 -0.9544989398915078
342.88824383164 0.14507099717081928