33.2037570365563 -24.49803269378981
37.26569225291492 -23.112400113576456
41.324472568134595 -21.168620451871988
50.443714310180866 -14.492759501886184
53.48977135980748 -13.383766681539768
58.071476538803026 -13.952865776984552
64.17936514375081 -14.525615543747207
70.79282665621044 -14.541435119458086
76.90071526115823 -15.114184886220755
85.04036019957006 -15.133655133249505
90.12921573664688 -15.424897578388027
100.30534936023115 -15.728308927919514
107.4212288790636 -14.629051231087502
111.47527684257493 -11.848050947146405
116.55466767623504 -10.464852147811627
121.63879086160351 -9.91887397071352
130.28558615809658 -9.660487567436022
134.86255898538383 -9.392366040644148
136.89747021998676 -9.397233602401343
141.90745322859067 4.265200989737565
143.92816740806848 6.771995294690299
145.961501192102 7.046201273678648
148.5114500376335 5.923822658499972
153.62081243211333 2.0046241836693355
154.15477944987538 -2.4617693586987457
156.1960004867562 -3.582931083438126
159.26098694321632 -5.822820752038297
161.30220798009708 -6.943982476777691
164.87592224520796 -9.185089035817157
169.45920487477298 -10.03326167200747
171.4941161093759 -10.038129233764664
175.52765721548428 -3.629172920131424
173.93206596447584 8.653713543990577
175.95435759452312 10.881434308197768
176.96550340954673 11.995294690301378
179.5044101010921 12.826430860341532
183.05761750879998 14.213280330994195
186.11471671241276 13.368758366121753
186.62502197163298 13.088467934936915
187.65509719349018 10.853445828093939
191.75331377294629 5.820386971159678
194.81356787769806 4.417717924796165
198.35257823028076 8.316229262158757
199.85352244712163 12.777755242769643
200.3606728052029 13.055611893075877
209.51304100920788 13.870928487405166
216.12177016995906 14.692329533930959
216.63049797860975 14.691112643491664
218.6654092132128 14.68624508173447
204.93922308305957 13.044659879122207
223.23764968879158 15.791587230762985