89.06972617601014 -13.522044504540531
89.56971157625676 -9.91689371154932
92.62229539568705 -6.868465206541586
96.18980128612594 -5.4845433534061385
100.7824344751838 -5.7655324530056475
104.86722085833074 -6.878168427247189
107.9292383645581 -7.157944624258505
112.01009404487291 -6.883828639325458
114.05091495531354 -6.885445842776377
119.6671031618574 -8.276645111441056
123.74953112330505 -8.557229910177838
128.85551410223871 -9.948024877979762
135.4897543423036 -10.507981572865134
139.57139616318483 -10.511215979767002
144.67344843928637 -10.515258988394336
147.220543874505 -9.130528533533393
151.80688793903147 -7.1927144984535545
155.885385197647 -6.086547338015748
161.49685656079228 -5.813644255670894
165.06750701349694 -5.5391239698751065
170.67740609550935 -4.711520103860408
175.26689472230146 -3.8831076361202435
179.35325338658126 -5.550444394031629
184.46080864664782 -7.495940145503383
191.5989649897914 -5.837498006572147
197.2065056501046 -4.17784296505269
200.7787283839421 -4.458023462926732
205.37450613526556 -5.848414129865944
209.9679254648899 -6.406753621300382
216.0903881962118 -6.4116052316531835
221.1924404723133 -6.415648240280504
228.33295523715617 -5.589257276854013
231.39182818111783 -4.759631906525655
234.4507011250795 -3.9300065361972827
239.55196726061456 -3.6566991529897024
245.68307753816714 -6.712405073526611
252.32046234049773 -8.381763335751657
258.9436966126326 -5.058814544948163
259.44525429401216 -2.0083645356267823
262.5072718002395 -2.288140732638098
271.1823329507449 -2.8497146309743897
276.7945904544566 -2.8541619404644507
281.8958565899918 -2.5808545572568704
311.99167589445955 -0.3859051734787755
295.15883408615656 -1.7593152041831672
