22.197640117994112 8.191924778761077
25.811209439528028 8.19773230088498
30.457227138643077 8.205199115044266
33.038348082595874 8.20934734513277
44.39528023598821 8.790099557522126
50.07374631268438 8.517975663716825
53.68731563421831 8.523783185840713
62.46312684365783 8.537887168141594
65.56047197640122 8.54286504424779
71.23893805309739 8.55199115044249
74.85250737463129 7.995298672566392
78.98230088495576 7.439435840707986
83.62831858407081 7.165652654867273
89.82300884955755 7.738108407079665
94.4690265486726 9.714325221238965
98.0825958702065 10.282632743362853
99.11504424778765 10.565542035398252
106.34218289085548 13.389657079646042
109.95575221238941 16.48921460176993
112.53687315634222 18.46211283185842
120.2802359882006 22.974557522123916
123.89380530973456 24.94911504424779
129.05604719764017 26.644911504424797
134.2182890855458 28.34070796460179
141.4454277286136 28.63357300884958
149.7050147492626 29.77184734513277
151.76991150442484 29.775165929203567
154.86725663716817 29.78014380530975
164.6755162241888 26.139657079646042
171.90265486725667 23.338772123893833
180.67846607669622 19.977876106194714
188.93805309734518 13.803650442477903
202.35988200589975 11.57522123893807
