19.81132075471696 34.96251162106305
33.018867924528294 31.63410539551745
40.13062409288824 30.245998675700434
49.27431059506529 28.579789048443956
57.402031930333806 28.573368202096148
63.49782293178518 28.292054871482748
68.577648766328 28.28804184251537
79.75326560232219 23.30225465344151
84.833091436865 22.19225084106398
93.97677793904205 17.208068863577083
104.13642960812768 10.564098105181486
116.83599419448475 8.065586270090236
121.40783744557325 8.061974544019606
126.99564586357039 9.716546387270682
136.64731494920173 10.538414719790254
145.79100145137878 11.91367974691164
152.9027576197387 13.29054998561999
158.9985486211901 13.838729742564198
166.11030478955004 14.386106893714938
170.1741654571843 13.553403382983419
182.36574746008705 8.843311283968617
183.8896952104499 8.565609679425862
196.5892597968069 6.896590931892234
202.17706821480402 8.27466507929077
207.25689404934684 9.376642833733527
227.0682148040638 8.531498933203125
232.1480406386067 7.974490512530693
235.19593613933233 6.589594215887587
238.75181422351233 6.5867850956104235
244.33962264150938 6.582370763746312
245.86357039187226 6.028171463351015
251.9593613933236 5.193862741032561
211.82873730043542 8.267040324252747
216.90856313497818 8.263027295285369
218.43251088534106 8.261823386595154
255.0072568940493 6.297445707062266
261.1030478955007 6.5691277681539475
265.16690856313494 7.671908128390186
271.7706821480406 8.21968658243766
278.88243831640057 7.937570646030792
281.422351233672 7.659066435694555
289.0420899854862 7.653046892243495
294.121915820029 7.372536167423576
301.23367198838895 7.366917926869235
306.31349782293177 6.533411810344262
313.4252539912917 5.974798178084839
316.98113207547163 5.971989057807676
319.01306240928875 5.417388454515674
327.64876632801156 4.028077826008442
331.7126269956458 3.1953743152769363
338.8243831640057 2.9132583788700686
339.8403483309143 2.912455773076587
