68.28034682080923 38.70376609099616
72.32658959537571 38.70695769353526
75.86705202312137 39.53797120465268
79.91329479768785 40.92153090535128
83.95953757225433 41.47686974715418
90.02890173410407 42.30987800985853
94.58092485549133 43.14168942161072
100.14450867052025 43.69822511436579
112.28323699421964 42.60350544345547
114.8121387283237 42.0533529557786
121.38728323699422 40.67817121174512
130.49132947976878 40.409278697826196
137.57225433526014 40.96701124153342
148.69942196531792 40.42364090925213
152.2398843930636 39.046065463314335
155.78034682080926 37.39241639774464
163.8728323699422 34.91413702613572
166.40173410404626 33.259690059931245
166.90751445086704 32.98401539061673
178.5404624277457 32.44104400865281
181.0693641618497 32.719112379871646
184.60982658959537 32.72190503209336
188.15028901734104 32.724697684315075
194.21965317919074 28.5883807936452
194.7254335260116 26.10411716727546
197.25433526011557 24.72574382070289
215.96820809248555 21.703695166495294
222.54335260115607 21.15673428135753
226.58959537572258 21.159925883896634
232.15317919075147 20.060019858860286
234.68208092485548 19.233793751551502
237.7167630057803 18.407966594560136
243.28034682080926 16.755913330259986
249.34971098265902 16.76070073406862
252.89017341040466 16.763493386290335
258.95953757225436 15.940059931203265
260.47687861271675 15.389109542891617
