83.45375722543352 17.181992269229426
89.01734104046241 19.394969679775897
97.10982658959537 21.609941841909304
103.17919075144508 22.16687648498177
107.73121387283237 22.998687896733955
113.29479768786126 23.83129720912092
123.91618497109829 22.45930706762654
132.51445086705203 23.018236462285927
139.08959537572255 22.747349196780064
143.135838150289 21.646246320791533
148.69942196531792 20.5463402957552
153.757225433526 19.998182559665267
167.91907514450867 17.800764211496883
172.97687861271677 17.804753714670753
176.51734104046244 17.255399127628664
190.17341040462424 14.229360970247214
194.21965317919074 13.128258094258697
201.30057803468208 12.85776977907021
203.82947976878614 13.135838150289047
211.4161849710983 15.626484981736965
215.46242774566474 15.90575020390797
228.10693641618502 16.467871201106462
233.16473988439304 17.852228802439825
236.70520231213874 17.026800595765835
221.53179190751445 17.84305294513993
248.33815028901734 16.759902833433856
265.028901734104 17.877362672435225
119.86994219653178 21.62789460619173
131.5028901734104 23.845659420546866
