16.519174041297944 15.495298672566378
19.6165191740413 15.500276548672574
21.165191740412993 15.502765486725664
23.74631268436579 15.788163716814182
22.713864306784657 33.224004424778784
29.424778761061958 34.92228982300887
37.168141592920364 18.62223451327435
43.362831858407105 16.38219026548674
44.39528023598821 16.38384955752214
51.1061946902655 50.144634955752224
57.81710914454278 52.96792035398232
60.398230088495595 52.40956858407082
64.0117994100295 51.290376106194714
66.07669616519176 50.73119469026551
73.3038348082596 35.5553097345133
75.36873156342183 33.5898783185841
79.49852507374634 31.065265486725664
80.53097345132745 30.785674778761063
89.30678466076698 41.487278761061965
94.98525073746315 41.77765486725666
102.21238938053101 27.726769911504434
106.34218289085548 25.483407079646042
107.3746312684366 25.48506637168144
97.05014749262538 26.312223451327455
115.63421828908558 42.373340707964616
122.86135693215344 31.416205752212406
126.99115044247792 31.141592920353986
130.08849557522126 32.834070796460196
131.1209439528024 35.085730088495595
133.18584070796464 37.05779867256639
135.76696165191743 38.18694690265488
136.79941002949857 38.46985619469029
141.4454277286136 38.47732300884958
143.51032448377583 39.04314159292038
147.6401179941003 38.487278761061965
149.7050147492626 38.49059734513276
152.28613569321539 37.93224557522125
155.38348082595877 36.249723451327455
155.38348082595877 36.249723451327455
155.89970501474932 35.12555309734515
176.54867256637175 32.62748893805312
153.83480825958708 29.49723451327435
160.0294985250738 22.19469026548674
205.97345132743374 14.956028761061958
