23.060029282576863 39.37392577503345
27.67203513909223 39.08705655538684
31.771595900439237 39.36001200403775
42.02049780380672 42.977183234360666
48.16983894582722 45.20338659367245
58.93118594436308 21.987441230232008
62.51830161054173 21.98171203041025
68.15519765739384 23.370224530069237
70.20497803806734 27.27999417986051
72.76720351390921 28.11441121104373
76.35431918008786 28.108682011221973
90.70278184480233 28.08576521193494
83.01610541727669 28.936551385466032
85.57833089311859 28.093949783108883
95.82723279648607 14.102425361257886
98.90190336749632 11.30248356265291
105.56368960468521 9.89432809217648
111.7130307467057 15.474568718568989
116.32503660322106 15.467202604512451
122.47437774524158 14.898374907923582
126.06149341142017 14.892645708101824
128.62371888726207 14.609050316924808
142.4597364568082 21.57452961450673
148.6090775988287 22.9622236570483
155.27086383601755 25.467111664832743
132.72327964860906 13.484490237625408
161.93265007320642 25.735974827896683
168.5944363103953 26.004837990960624
171.66910688140555 25.999927248256256
195.7540263543191 24.004938024608308
254.68521229868222 68.07230613933783
207.5402635431918 16.439529659976557
300.805270863836 0.07939034038724913
