86.99421965317919 -8.766135323947623
92.55780346820808 -6.001010674137348
96.09826589595374 -4.61784992375614
101.15606936416185 -3.233492322422748
103.17919075144508 -3.231896521153203
105.20231213872833 -3.230300719883658
113.8005780346821 -12.88609525160463
117.34104046242777 -12.607228979751028
118.85838150289018 -10.39744317174366
123.41040462427745 -2.3877176495620063
126.95086705202311 -2.384924997340292
131.5028901734104 -3.209555303379517
138.58381502890174 -3.7561172381999057
143.64161849710982 -3.7521277350260362
146.67630057803467 -2.3693659349621896
149.20520231213874 -1.5391503244795643
153.757225433526 0.3969555658002264
156.79190751445086 3.160085464023581
161.34393063583815 6.47655945246288
166.90751445086704 9.51775772190507
173.98843930635837 11.731931983403697
179.04624277456648 12.28806872584137
184.1040462427746 10.083469271960027
185.62138728323697 8.98037164438459
190.6791907514451 6.775772190503247
196.242774566474 4.01942444767549
198.26589595375725 2.3645785311536116
201.8063583815029 0.4348558459520149
205.85260115606934 -2.0466151281960094
207.36994219653178 -2.5975655165076432
206.3583815028902 7.892434128869851
207.87572254335265 9.55007269761343
209.39306358381504 11.207711266356995
212.93352601156067 13.14301925600202
219.50867052023125 15.632868186815159
221.02601156069363 15.91013865739923
223.5549132947977 15.636059789354263
224.56647398843927 14.532563211461436
225.57803468208095 14.257287492464314
228.10693641618502 13.43106138515553
230.63583815028903 13.433056136742465
233.6705202312139 13.987597077910593
233.6705202312139 13.987597077910593
248.33815028901734 11.514504060427711
256.4306358381503 12.34910812440161
242.77456647398844 11.786189226568354
238.728323699422 12.887292102556856
