79.7759723997278 25.31428776787739
92.53031694941524 25.581530638143988
98.65356582130352 25.29932863595627
107.32784083124258 25.01510512945488
113.45108970313086 24.732903127267164
119.57826927785132 23.06394916590486
123.15127815225523 22.506418276195888
130.2910067765317 23.610159631457307
139.4691978895495 25.544334958772538
146.1010797079151 25.81642943939194
150.6929267564065 25.81279073162733
154.77456857728774 25.809556324725463
163.96376565823553 23.860826166351828
167.53991909490517 22.193893709303197
168.56976323692257 18.864880405558694
172.6608387446009 15.533441296637776
176.2330614784384 15.25326079876372
182.35002122579533 17.18986193125538
191.53528760391094 16.627883732056333
193.0721924112728 14.407867694788791
197.67190086542848 11.630725068674991
202.77866998492863 9.962579709038152
209.41605478725916 8.293221446813092
212.48121685575222 6.904043682462088
216.05265344902335 6.901213576422947
221.15234730342559 7.7292217433004
225.2332029837404 8.003337728233447
228.8085702798436 6.6137556630197025
234.4224000646882 6.054607569859812
237.99226437682637 6.606478247490514
245.64219822871303 7.709815301889208
249.72226776846145 8.26128167865717
256.3565080085263 7.701324983771812
261.4601325657607 7.142581191474633
267.58888442161395 4.918926446442484
274.221552380546 4.913670535226956
278.3055526231265 4.078384952820329
282.89661353105146 4.35209663689065
292.5857960122459 6.008517271508239
299.72788305822166 6.280207451264886
306.87311466646304 5.442496063681887
315.03718444879195 5.158676858043222
