41.1465892597968 3.424919572211124
50.29027576197386 3.970691511774902
55.370101596516676 3.413683091102456
64.00580551523944 3.9598563335629677
73.65747460087081 5.05822236193508
73.65747460087081 5.05822236193508
79.24528301886792 4.5008126383659
86.35703918722783 3.665701310253965
89.91291727140782 3.6628921899768017
92.96081277213352 3.660484372596372
104.13642960812768 3.651655708868134
109.7242380261248 3.647241377004022
118.35994194484758 3.363921531906925
121.40783744557325 3.0850160186739686
122.93178519593613 3.0838121099837537
136.64731494920173 3.0729769317718194
140.711175616836 3.0697665085979082
146.29898403483307 2.788854480881284
158.9985486211901 2.225826516757749
158.9985486211901 2.225826516757749
170.1741654571843 2.769993244734593
177.79390420899853 3.316969092988572
184.39767779390417 3.3117521553309786
189.98548621190128 3.0308401276143258
195.57329462989838 2.749928099897687
198.6211901306241 3.02401797836977
199.63715529753262 3.2997130684288436
208.78084179970966 3.568987312140095
215.89259796806965 4.116364463290807
217.92452830188677 4.114759251703859
219.95645863570388 3.8366563442643837
223.00435413642958 3.557750831031427
226.05224963715528 3.2788453177984564
228.0841799709724 3.000742410358967
234.17997097242375 2.166433688040513
237.22786647314945 2.440523566512624
239.25979680696662 2.7154160507782166
247.38751814223514 3.261990596135462
250.94339622641508 3.5356791717108393
256.5312046444121 3.80776253569924
263.1349782293178 4.355540989746714
266.1828737300435 4.629630868218825
268.7227866473149 4.904122049587656
276.8505079825834 4.897701203239848
277.866473149492 4.896898597446381
280.9143686502177 4.894490780065951
283.9622641509433 4.892082962685521
288.0261248185776 4.88887253951161
299.70972423802607 4.6031448770341115
300.72568940493466 4.60234227124063
307.3294629898403 4.320627637730496
309.86937590711176 3.7656257315417463
311.9013062409288 3.7640205199547836
312.4092888243831 3.76361921705805
293.6139332365747 4.054965120089889
292.08998548621184 4.056169028780104
128.5195936139332 2.802900082267115
151.37880986937589 2.7848414519139055
