40.114567981359045 12.880785299963492
46.20668208061224 15.098770940656308
50.77419020448268 17.04133371192148
56.365463747932424 17.865168539325836
62.97261545811419 18.965643126597158
68.05358374234375 20.069768385186393
73.6480121869324 20.33545613109966
80.26147369939203 20.319636555388797
82.29638493399496 20.314768993631603
87.89239082915309 20.301383198799343
92.97966891566047 20.289214294406364
105.18755887270878 20.539082464608768
108.23992572461323 20.531781121972983
117.39702628032653 20.50987709406563
124.51921560143684 20.492840627915456
127.57158245334129 20.48553928527967
130.62394930524573 20.478237942643887
135.7080724906142 21.02421611974202
142.83026181172454 21.007179653591848
145.88262866362902 20.999878310956063
153.51354579339005 20.98162495436661
157.58021336145703 21.53003691234332
163.17621925661518 21.516651117511046
167.24604172582104 21.506915993996657
173.8595032382807 21.491096418285792
179.4602414851472 20.640490001216875
182.5141857876211 20.354115117835548
187.6077736764064 19.225652050460383
196.77276148496696 17.8083803188253
198.8092501701393 17.52443921632255
203.89968315778572 16.954123230438483
192.69662921348316 18.93440960532186
99.08124771833046 20.83275869062588
113.83119926806297 21.355615949377352
120.44623823109204 21.060722832920945
216.11230546654235 16.36677077840423
204.40683351586694 17.23197988074473
212.54332355313989 17.770656715207068
37.06377858002408 12.60901310185372
34.51856208620093 12.894171094795766