79.83178837994402 5.622409947598115
93.10026886007375 4.502496557827371
103.30437341227685 4.494410540572716
110.95745182642918 4.488346027631707
126.26439479530026 4.198866609914802
135.95986640102603 3.636484109853029
144.12157776165566 4.184716079719138
153.30291343693918 5.009489839694709
158.40575185360717 4.728096439232445
164.01800935731887 4.723649129742384
174.73310527769854 4.437808419790073
179.32495232618996 4.434169712025479
185.44820119807827 4.151967709837763
193.10127961223054 4.145903196896768
202.28575984977982 3.8612753895326364
211.47181236846183 3.021946798498689
219.12567692318066 2.7385318937227794
225.24892579506894 2.4563298915350487
231.88395217570024 1.619022804814776
237.4962096794119 1.6145754953247007
245.15243265582995 0.49910941504403183
251.7866728958948 -0.060847279841340196
257.4012888213058 -0.8973457648361602
260.4633063275332 -1.1771219618474902
273.72706996426433 -0.632933000608702
301.2765799740798 -0.10006446352645071
309.9492827028861 0.17041281364200245
