28.696925329428993 -21.846257377481507
32.28404099560761 -28.001054900284643
34.84626647144948 -29.12315960823183
44.582723279648604 -30.536225821412657
52.78184480234259 -31.108327346471057
56.8814055636896 -31.673881214590367
63.543191800878475 -30.007502523576093
69.69253294289896 -28.060802269854392
83.01610541727669 -28.641088366086777
85.57833089311859 -28.92468375726382
88.65300146412883 -28.09108518319796
104.02635431918009 -23.084582996098675
111.7130307467057 -25.332884697580084
116.32503660322106 -25.619753917226674
118.88726207906294 -25.903349308403733
130.1610541727672 -27.598373998526753
133.7481698389458 -28.44261251511871
138.36017569546118 -28.729481734765315
148.6090775988287 -23.714794976492087
153.22108345534406 -20.36812382346787
159.37042459736455 -16.74440493620581
163.46998535871154 -13.955921537244322
169.61932650073206 -11.450215072342488
170.13177159590043 -11.451033529459892
171.66910688140555 -10.894482689631957
175.76866764275255 -11.460036557751224
209.5900439238653 -19.340141684020978
222.40117130307468 -16.56557205605519
229.0629575402635 -13.501677837090654
229.0629575402635 -13.501677837090654
232.1376281112738 -12.109073051844703
217.78916544655928 -17.676218364358917
301.8301610541728 -3.2762838409282864
196.2664714494875 6.954430126497115
78.40409956076132 -27.515709829669973
96.85212298682282 -16.924056273473795
214.71449487554898 -19.068823149604853
