30.787102764144095 43.04263172839005
37.413183881159384 40.794223826714806
48.10435511567219 39.3733014237618
53.1916332021796 39.36113251936883
59.79878491236137 40.461607106640166
66.9178193323328 41.0027177219811
70.47418164117961 41.831420111142656
75.55514992540914 42.93554536973187
80.1337002032658 42.92459335577819
91.83443980223278 42.89660487567435
95.39868936392686 42.329939561108176
98.45421111697026 41.76449113698129
103.03907119710475 40.63724496004543
108.12477183304266 40.90414959639801
114.22477318514315 41.72676753336307
125.92866768524904 41.14063197176814
128.9810345371535 41.13333062913235
131.5451804378102 37.49929014724374
137.65464649332745 36.64746683973553
141.7228915119639 36.9168052569667
144.77525836386826 36.90950391433091
148.3363530244235 36.90098568125583
155.96884760475405 36.60365878392082
165.6252112657013 38.25497911004746
166.13551652492146 37.97468867886262
168.68073301874466 37.68953068592057
171.22437206199834 37.683446233724084
176.31953740135305 36.27590962560336
179.37979150610477 34.873240579239834
189.56696728367524 32.616314444489504
192.6256439378575 31.492718938871533
199.75256561067624 30.63846185048473
204.32796098739396 31.185656918022133
207.38663764157621 30.062061412404162
210.4437368451891 29.21753944753172
214.52460146838115 27.25428953879853
216.05393979547233 26.692491785989517
221.6546780423388 25.8418853689206
221.6546780423388 25.8418853689206
116.74948282156329 45.06956557011317
121.33592035226725 43.66324585243175
125.41678497545941 41.699995943698525