8.956874812232016 0.00031135347723568185
15.929440201014174 -0.000015021439691204064
21.906266216326927 -0.0003404859663337645
28.876441830612777 -0.0003468586983239874
33.3572690112251 -0.0003509554546033966
39.82957493877623 -0.00035687299145142903
44.310402119388584 -0.000360969747730866
50.77792849794707 0.00027311708529445533
61.23797146836847 -0.00037644638256420504
70.59712498748215 0.013054996677075437
78.76457762442757 0.052727529291807435
90.71106033156414 0.0530366067933323
100.86760194095208 0.09302732081243231
107.74218657538489 0.1058210354779094
119.63131469460959 0.11381016541791467
129.14819333048078 0.10612146427173332
138.15525340713563 0.10003322924537751
149.90019846508198 0.06066249100989596
158.36398313957193 0.060654752692479275
168.12461877406847 0.020325828682756314
179.43223509918704 0.03951549029068763
187.74068443141573 0.060307893994155315
196.90307985033184 0.03341951694691517
206.41995848620303 0.025730815800733775
217.8614021831159 0.027000355052210906
226.8708520342671 0.02059211784091844
235.93287692433745 0.007143832561018887
245.9428456979507 0.00009468058956874081
256.8003878262611 0.012884753693908568
267.851501688774 -0.00024535018162286093
280.3006336316379 -0.0005767322451134815
291.2513769653051 -0.00026674435330426016
302.70237976020326 -0.00027721384157386453
313.157643181632 -0.00028677293955917116
322.61716722959136 -0.00029542164726018005
331.57882159081606 -0.00030361515981899845
340.54047595204065 -0.0003118086723778446
