6.672782095028751 0.0018567777821890674
12.87457869365258 0.0006460901308269762
15.258759933217846 0.0006523587931571151
20.980794908174545 0.0006674035827494706
23.36497614773984 0.0006736722450796095
32.404387227809465 0.009286396375877332
40.95160383725718 0.02433954418466644
51.427374412574125 0.030502057166021335
62.40265289789815 0.02715668103583377
70.36625704440931 0.08699357044200337
77.87057719753182 0.13946728907518424
90.2068867524359 0.1652665957611305
99.84453717421243 0.12296064742744545
108.45684339418813 0.11071335287762941
119.48843536277792 0.08374849290909814
129.0756230527968 0.06260805606691588
138.17061627219368 0.04790804290272499
149.17953657868946 0.03045232577820217
159.67432209640785 0.028639428632324132
167.81564281997862 0.013936908003201215
179.27580233653947 0.007218573628573394
187.86543689442112 0.004480421922765904
196.91874350932255 0.0072649617298164715
205.03519853898382 0.0029918235747673494
217.43513501653882 0.0021041809888188157
230.78874398992002 0.0012190458678022487
235.5571064690506 0.0012315831924625542
238.41812395652892 0.001239105587258732
244.14015893148564 0.0012541503768510875
248.90852141061623 0.0012666877015113653
253.20077898577222 0.0009712247503505245
259.876486456555 0.00098877700487493
266.0746263354863 0.0013118220702884043
272.7517964941461 0.0007158812381025947
279.4275039649289 0.0007334334926270003
282.2885214524073 0.0007409558874231781
288.00909373948696 0.0013694937637257487
290.86864853908827 0.0019905092452321416
298.4994911935742 0.001397075877978382
307.0810809681322 0.0020331361490771305
310.8950396074982 0.0023499125521605213
