2.9585001025129003 -0.0003289327069646575
9.859847032920015 -0.0003538923703657604
16.267460621673905 -0.0006935220759308747
22.70393382123534 0.010675604603275074
41.046946452607855 0.052697872188695066
52.398133373744244 0.058036565906882664
61.31341314482843 0.07509293017534166
70.69122667831452 0.07980584947540137
80.1860386339933 0.13198670006507343
90.91791390698963 0.08606181082357978
99.66081600270995 0.03318208965867661
109.62128167871565 0.07428530678100573
120.46703541597954 0.07456253732806806
128.77782333906816 0.04636792326686337
139.68051630846583 0.06974621370820372
139.68051630846583 0.06974621370820372
151.00284361879466 0.06337615104162025
159.29413180485108 0.027270215098813527
169.1251192269636 0.015842254927304983
178.45145345468484 -0.00033071554006472437
190.29403374903058 0.004373289594494623
197.21176045854475 0.010993840311639247
206.58957399203075 0.015706759611698956
218.40563464401282 0.009651366987279475
229.71626211212242 -0.0014654888082652195
237.1105623947014 -0.001492231304766417
248.47656911598222 0.009859067043438752
258.798949911304 -0.002203581711698044
269.64470364856794 -0.0019263511646357145
281.4748041112132 -0.0022855920343017033
295.786051113825 0.003991763311077645
309.08175181180417 -0.001752524937377986
322.88600565158094 -0.001169538513652063
339.1534662732549 -0.0012283720059546588
349.503926689903 -0.0018987172515844974
