14.370414759933169 0.0012820512820513053
31.635886540277482 0.018589743589743607
41.053561051790496 0.018910256410256426
53.390126752378876 0.03044871794871798
60.7993753177889 0.03589743589743591
70.12012421006756 0.055769230769230765
79.91755647563014 0.07948717948717951
90.13129222052734 0.019230769230769246
90.13129222052734 0.019230769230769246
98.93722306965932 0.04294871794871796
98.93722306965932 0.04294871794871796
108.91420607249216 0.03044871794871798
118.77042928742642 0.042307692307692324
128.83798213118325 0.011538461538461553
137.69317026222126 0.02532051282051284
149.61978826178543 0.019551282051282093
158.88969092758046 0.0496794871794872
167.43980169971667 0.025000000000000022
178.26051427326217 0.042307692307692324
188.9763565046851 0.08076923076923079
196.06940509915012 0.05000000000000002
205.55381528292298 0.036858974358974395
216.46191980823704 0.036538461538461575
225.81603653664558 0.0496794871794872
234.8015181230479 0.037179487179487214
246.85366274424348 0.006089743589743596
254.6093012275732 0.041666666666666685
263.53122503087087 0.041987179487179505
275.5134560906516 0.025000000000000022
284.46715878550157 0.018910256410256426
293.427217258662 0.011538461538461553
302.80834604488996 0.019230769230769246
314.27417011694627 0.006410256410256415
322.72735526984815 0.0012820512820513053
332.12278455727466 0.006089743589743596
23.78967821602383 0.0012820512820513053
