7.812519376288137 -0.0000069444616677960536
23.95665663853333 0.0006443468361776727
45.83344700755708 -0.00004315486893569087
65.62516276082033 -0.00006200412203402617
78.61217413733664 0.012925627295702596
90.58963439889484 0.013580886857358282
99.91431030334897 0.032905339546973084
109.28933355489474 0.03289641095340018
121.64700309276557 0.08755130841098319
129.4603905267622 0.0872105337562841
137.22950701762653 0.10386980126438805
149.7712047896944 0.08785785679031943
158.49865699071674 0.13651621159774702
167.5299293897058 0.06850761038593847
178.50044270943127 0.05583049561134823
187.89109099972964 0.049821552136786074
197.3095171366992 0.03314591554046514
206.1064139543997 0.0551375375434959
218.61946582208785 0.05012562035124096
227.01097968992977 0.02778429509993824
235.355618441514 0.02344301449160341
246.80443155861 0.027098777526729984
255.17337592603158 0.013424140436856247
265.6221865629627 0.0010808558552972414
276.02933042988695 0.00473761095637637
289.0580085764101 0.0017252026914749419
303.63356555943835 0.004711321208633934
317.18481444646443 0.0010317485906463086
333.8532585646293 0.00034920721529566046
343.74824838355255 0.0006731167488014667
