5.396665374176024 0.00030709577355564344
12.758433501357118 0.0006097601506674932
17.67041488949205 -0.00003101977510663878
22.89336952307096 0.03597850772724756
32.60100814269096 0.05839384035894313
41.409073284218664 0.06406514152772391
52.08763086467624 0.08869041156594473
61.23768902675454 0.12469284883398885
70.12795657231487 0.11361834598127737
79.78518805738656 0.046302332022378545
91.0166731291198 0.058288373123580595
100.11089569600622 0.1056653187835817
109.15160915083365 0.06394283498587491
120.49786739046141 0.05254794217027642
130.51880573865841 0.011139644380435354
138.37456378441257 0.010809505345371978
149.22838309422255 -0.0002685426244945499
158.4715005816208 0.016776380656954498
168.25358666149668 0.024025702099374074
179.95114385420703 0.04106619398437936
187.4323381155487 0.01704004874536086
197.2144241954246 0.024289370187780435
206.11709965102756 0.01068719880352298
217.433889104304 0.005295518750346201
226.73594416440477 0.010334016506951732
237.09732454439705 -0.0004271866171827454
246.88716556804962 0.005242341993020538
259.67351686700266 0.00047992023486398416
273.4230321830167 -0.0004927712845510523
292.0752229546336 -0.00021049133108072549
309.7502908103917 -0.0008743145183626178
327.42225668863904 -0.0009062205727580208
349.01822411787515 -0.00031329972857696564
