77.38944365192582 1.8053138373751771
85.87731811697576 2.046355652639086
93.86590584878742 2.11549794935806
108.34522111269614 2.219333987161196
112.83880171184022 2.3054921540656217
118.83024251069897 2.4604738766048495
129.81455064194006 2.7360132845934384
133.8088445078459 2.959646932952924
137.80313837375178 3.11453058131241
146.2910128388017 3.3383848965763194
153.78031383737516 3.5106276747503555
158.7731811697575 3.682747860199714
168.7589158345221 4.0269882310984295
173.75178316690443 4.233483416547789
181.24108416547784 4.474476194721826
188.7303851640513 4.7842189728958635
197.71754636233948 5.162785306704707
203.70898716119825 5.334954529243936
211.19828815977172 5.575947307417974
218.18830242510694 5.765353067047076
230.67047075606268 6.092528530670471
239.15834522111265 6.436695345934379
245.14978601997143 6.694802068473609
250.64194008559195 6.918509272467903
262.1255349500713 7.675323199001427
279.6005706134094 8.01993134807418
288.58773181169755 8.278185181883025
294.57917261055627 8.415979404422254
302.06847360912974 8.50228468259629
