27.13546512947373 2.9574132492113563
37.145450831763625 6.0331230283911665
42.154415269046595 7.373817034700316
46.66454848739306 8.477917981072558
49.153938678710034 9.89747634069401
51.651272042303106 10.922712933753942
55.15579965050043 11.947949526813881
58.16864489480972 12.381703470031548
63.18793545605155 13.209779179810727
67.20241472437195 13.919558359621451
67.18891133150262 14.589905362776026
71.70619340489753 15.339116719242902
73.186800717155 16.837539432176655
76.69768286317318 17.547318611987382
101.3532896080612 18.57255520504732
89.78008760184284 18.099369085173503
102.36286680434836 18.45425867507886
116.46914644940199 18.178233438485805
127.06216099675467 17.310725552050474
133.61130653836554 17.192429022082017
141.16764632458072 17.074132492113563
144.69044322901303 17.192429022082017
147.70726005946034 17.42902208201893
155.25565667339947 17.70504731861199
162.80643623902142 17.86277602523659
169.85520731679645 17.941640378548897
175.89837278442232 17.941640378548897
179.42355264053742 17.941640378548897
182.94873249665255 17.941640378548897
188.99428091596127 17.823343848580443
198.56103760524707 17.902208201892748
205.60663141411163 18.138801261829656
211.6474139300547 18.25709779179811
219.19819349567666 18.414826498422713
223.22935342577676 18.29652996845426
226.2580850146382 17.941640378548897
230.29162789642106 17.70504731861199
234.33629121939043 16.91640378548896
242.91332864307924 16.12776025236593
246.9484601593174 15.81230283911672
251.98522569956657 15.77287066246057
276.66863354742077 15.417981072555206
276.66863354742077 15.417981072555206
277.1722306697229 15.417981072555206
257.5343258516216 15.299684542586752
258.5415200962259 15.299684542586752
263.5798742709303 15.181388012618298
269.6246283730114 15.102523659305994
276.1713909629394 15.102523659305994
277.6821823298459 15.102523659305994
290.7622041168327 15.77287066246057
294.28023511789934 16.12776025236593
298.80625468079796 16.443217665615144
304.8446542450582 16.679810725552052
310.8814651748633 16.99526813880126
309.93463903955706 13.998422712933754
320.00022694777937 14.313880126182966
327.0386719015955 14.905362776025237
334.08267707600476 15.220820189274448
337.1026711753626 15.299684542586752
342.6422395206863 15.299684542586752
