17.048710601719193 0.39953608950743646
25.57306590257879 0.5993041342611543
27.07736389684814 0.8564060581252555
38.10888252148996 0.8370582617000952
41.6189111747851 0.8274389411925229
51.14613180515758 0.8367035066175461
56.16045845272207 0.8460908718788369
59.67048710601718 0.8650429799426931
64.18338108882521 0.9220630372492833
67.1919770773639 1.0076954564060578
69.19770773638967 1.0933551644153363
73.20916905444125 1.1027698185291301
74.21203438395415 0.9598853868194839
74.71346704871058 0.9503479328694233
75.71633237822351 0.9407968344931099
81.73352435530086 0.9596807204257054
85.24355300859597 0.9786328284895625
89.25501432664754 1.0166189111747848
90.7593123209169 1.0641970255150772
96.27507163323781 1.035475508254878
102.29226361031516 0.9686451084731891
106.30372492836676 0.9780597625869829
110.81661891117477 0.9969845817983352
114.32664756446991 1.0064128803383818
117.33524355300858 1.044426251876108
121.34670487106018 1.0347932869422838
124.35530085959886 1.034711420384773
127.36389684813753 1.0727247919224991
130.87392550143267 1.1107245190339752
134.38395415472777 1.101105198526402
136.38968481375358 1.0153363351071087
139.39828080229225 0.977159230454359
141.40401146131805 0.9580570337017322
141.40401146131805 0.9294856051303046
145.91690544412606 0.9007913767226086
151.93409742120343 0.8815800245599679
155.945558739255 0.8624232501023332
160.95988538681948 0.8051439486969576
164.46991404011462 0.7955246281893844
168.98280802292263 0.7858780188293082
173.49570200573064 0.7857552189930415
180.5157593123209 0.8046118160731348
187.53581661891116 0.8329922226770359
192.55014326647563 0.870951016509756
196.56160458452717 0.8708418610997413
201.5759312320917 0.937372083503889
205.58739255014325 0.9277391185700647
