61.804929733254156 0.5494545158172919
63.34369578632389 0.725250620000697
67.43674828553796 0.9714625030563404
69.48245951075249 1.076996518681522
69.99918497560749 1.2175975409549746
72.55836156810695 1.393444875243052
75.63752372303144 1.7801809354151352
76.65793426246113 1.7802321655198075
78.69386519496548 1.6749030703133183
80.72979612746981 1.5695739751068256
85.82532862947825 1.4292547184090694
90.92819635101937 1.4470827948350724
98.07840534656002 1.6055887386915355
99.10044593477475 1.640783820601488
99.10126095916728 1.6583557465041263
106.75515502928268 1.676311898191809
113.38782353557583 1.6766448938721794
119.00497164879435 1.782358214863713
124.62048971322785 1.8529276840499715
129.72254241037643 1.8531838345733345
132.27519880773576 1.8884557616402926
132.78458905305808 1.8709094507899895
138.9013471188888 1.7482133500995491
142.9805442034301 1.6957024928103177
146.5527961158266 1.7134537240793115
151.15034871400792 1.8366877408688147
151.15034871400792 1.8366877408688147
151.15034871400792 1.8366877408688147
157.27362697497875 1.85456704739949
159.3152630782307 1.8722414335114728
164.4238359705194 2.0130729912559513
169.52996378963053 2.1011887712925112
174.1258863390268 2.189278936276734
181.27772538335256 2.3829287319384758
185.87446295714136 2.488590822825337
187.92017418235588 2.5941248384505196
187.92180423114092 2.629268690255799
190.98466589821504 2.664566232375096
193.5291720516492 2.52411890041566
197.60266396544296 2.3486045618079547
203.7210520800587 2.261052312922791
206.272078428633 2.2611803881844725
210.35290556195935 2.243813382700523
215.45740333228542 2.296785310931803
225.1521184812603 2.31484392282883
230.77089664326382 2.4557010956256455
231.79375225587108 2.5084681034382363
235.89984514536542 3.035830800936111
237.44187129600516 3.281914608730073
239.48676749682727 3.3698766984526163
251.2149685051288 3.229890437435232
256.83211661834736 3.3356037584267666
260.40192345756634 3.300639211987842
267.5464272823594 3.3361416745258277
246.1145458567653 3.2647781387171486
240.50228788990182 3.2644963731414505
229.76760161607694 2.8246603094764025
230.78556708232912 2.771995761873156
230.77089664326382 2.4557010956256455
234.87209938640308 2.877632237707683
219.0272101715044 2.2618207644928763
