24.826438421302896 0.6571428571428575
25.821049294658422 0.7047619047619049
27.80947852274528 0.8095238095238102
28.80171184022825 0.885714285714287
29.794737676335387 0.9523809523809534
33.77952131875098 1.0666666666666673
34.770169598985575 1.1619047619047622
36.75622127119988 1.295238095238096
37.247582818196236 1.3904761904761909
37.73577429069583 1.5238095238095242
40.68949120304326 2.028571428571429
44.182913298462495 2.0476190476190483
47.68426058012362 1.971428571428572
51.68489459502298 1.8952380952380956
56.680139483277856 1.8666666666666671
63.67728641623077 1.7809523809523813
69.16944048185131 1.7809523809523813
74.6584244729751 1.8190476190476192
81.64606118243779 1.8476190476190477
92.62323664606117 1.9333333333333336
99.60928831827545 1.980952380952381
100.60469171025517 2.0190476190476194
114.07830084006974 2.1047619047619053
117.57093041686477 2.1333333333333337
121.56443176414646 2.1428571428571432
127.56221271199874 2.066666666666667
131.55729909652877 2.0571428571428574
137.04866064352512 2.066666666666667
140.54287525756854 2.076190476190477
144.5363766048502 2.085714285714286
147.52654937391029 2.1523809523809523
151.9987319702013 2.40952380952381
156.48121730860674 2.542857142857143
159.47218259629102 2.6000000000000005
169.45395466793468 2.647619047619048
183.42764304961165 2.723809523809524
191.40989063242984 2.8000000000000003
200.38754160722777 2.9142857142857146
205.3740687906166 2.9904761904761905
211.35916944048188 3.066666666666667
217.35061023934065 3.066666666666667
223.84133777143768 3.066666666666667
229.82485338405456 3.161904761904762
245.2837216674592 3.3904761904761904
247.77381518465683 3.466666666666667
249.26850530987474 3.504761904761905
251.26406720557935 3.5238095238095237
256.2569345379617 3.5238095238095237
