26.041666666666657 0.9724473257698563
28.125 0.9319286871961125
31.770833333333343 0.9319286871961125
36.97916666666666 1.0534846029173437
39.58333333333334 1.0940032414910874
45.3125 1.2155591572123186
48.437499999999986 1.3371150729335497
51.04166666666667 1.4586709886547808
54.687499999999986 1.5802269043760155
58.85416666666667 1.8233387358184778
63.54166666666667 2.147487844408431
67.18750000000001 2.3905996758508934
68.22916666666667 2.6337115072933557
69.79166666666667 3.119935170178284
73.43750000000001 3.4440842787682335
79.16666666666667 3.889789303079418
82.29166666666667 4.173419773095624
83.33333333333333 4.659643435980552
86.45833333333333 5.0243111831442455
91.66666666666667 5.42949756888169
95.83333333333333 5.794165316045383
99.99999999999999 6.15883306320908
102.60416666666667 6.442463533225286
106.24999999999999 6.6855753646677485
111.97916666666667 6.7666126418152395
117.7083333333333 6.928687196110214
124.47916666666667 7.171799027552677
128.64583333333331 7.252836304700164
133.33333333333331 7.49594813614263
134.89583333333331 7.617504051863861
137.5 8.063209076175042
139.0625 8.14424635332253
146.875 8.063209076175042
150 8.063209076175042
154.16666666666669 8.265802269043764
159.375 8.306320907617504
161.45833333333331 8.346839546191251
172.91666666666663 8.427876823338735
176.56249999999994 8.427876823338735
171.875 8.387358184764995
163.02083333333331 8.22528363047002
161.45833333333331 8.184764991896273
167.1875 8.265802269043764
175.52083333333331 8.387358184764995
180.72916666666663 8.54943273905997
183.33333333333331 8.58995137763371
189.06249999999994 8.58995137763371
195.31249999999994 8.58995137763371
200 8.711507293354945
206.77083333333331 8.711507293354945
210.41666666666663 8.87358184764992
215.625 8.87358184764992
216.14583333333331 8.87358184764992
