80.88445078459343 0.44767296718972815
91.8687589158345 0.41383737517831776
103.85164051355203 0.4488008202567748
114.8359486447931 0.432152728245363
123.8231098430813 0.4497815620542074
133.3095577746077 0.4846224144079887
140.29957203994292 0.519340674037089
144.793152639087 0.5539363409415117
149.28673323823108 0.5885320078459326
155.77746077032805 0.5888507489300991
159.77175463623394 0.571859397289586
167.2610556348074 0.5894146754636225
171.7546362339515 0.6240103423680452
181.24108416547784 0.6244761947218258
189.72895863052776 0.6764555099857326
199.71469329529242 0.8316333808844494
209.70042796005703 1.0727487517831662
212.19686162624816 1.2619338445078458
215.6918687589158 1.4511679743223969
220.68473609129808 1.692038159771755
227.1754636233951 2.0189194008559195
230.67047075606268 2.2425285306704694
232.16833095577738 2.5004145863052774
228.6733238231098 3.4799304564907274
234.66476462196857 3.5145996790299563
240.65620542082735 3.5664564015691864
243.65192582025674 3.7041035128388007
247.64621968616257 4.065237161198287
251.1412268188302 4.237283791012839
253.63766048502134 4.323343883737518
245.64907275320962 5.3026390870185445
256.63338088445073 5.543803495007133
263.12410841654776 5.664434736091298
265.62054208273884 5.750494828815977
269.6148359486447 5.922565977175464
276.10556348074175 6.576009718259629
279.6005706134094 6.85118134807418
290.0855920114122 7.178258737517831
311.05563480741796 7.952726016405135
314.5506419400855 8.141960146219686
