63.33147042043616 0.4616717314611041
65.36821637733301 0.3739145621572515
67.40822243179991 0.3564450964639576
72.51109015334102 0.37427317288995887
74.55028118341541 0.33923178129402487
75.56906167406011 0.30413915959341686
79.13886851327909 0.26917461315449387
83.21969564660544 0.25180760767054267
84.75031145575001 0.2518844528275519
86.79194755900197 0.26955883893953647
90.36582952018351 0.32245392201380696
94.95930699640222 0.3578283092901131
95.98053256022449 0.3754514652974237
101.08258525737305 0.3757076158207866
106.18463795452162 0.37596376634414774
108.73566430309593 0.3760918416058292
113.32751173052965 0.3763223770768551
119.45160501589298 0.4117736095101687
125.06712308032648 0.48234307869642556
125.06712308032648 0.48234307869642556
128.1250946010456 0.41220906539988356
130.6753059252273 0.3947652147589267
133.22633227380163 0.39489329002060813
138.8402202894501 0.43031890740158474
141.90226693213174 0.44804452361824154
144.45329328070602 0.448172598879923
146.49411435956546 0.44827505908926746
159.24924610243693 0.448915435397673
160.780676935974 0.4665642064573188
162.823943088011 0.5193824443745854
168.441906225622 0.642667691268759
170.99456262298133 0.6779396183357171
178.1398814721669 0.7310140067763431
179.67049728131144 0.7310908519333523
183.76191973174053 0.9421588831837155
185.80437085938502 0.9774051951983402
189.88601301710383 0.9776101156170309
192.43377926810814 0.9074504872681537
195.4868606424721 0.7318849185557745
199.05666748169108 0.6969203721168498
200.59380348597574 0.8375726244949728
203.66400037258256 1.0310174997380273
206.7293071128343 1.119030819565241
210.3088942447635 1.2949293839579887
213.88522127912262 1.4005402447401814
216.94971299498178 1.470981638664755
219.50318441673363 1.523825491634355
222.5603409130602 1.4361195524351729
225.6215725313494 1.4362732427491913
230.7219951797129 1.4013855414672758
233.78567187117955 1.4542550094892093
228.71866522290918 2.2095916727793483
229.7423358599089 2.2799306064945775
233.82560806641283 2.315279378718545
239.4419411552389 2.403420773807442
241.99459755259818 2.4386927008744017
246.07705473470958 2.4564695471957325
250.16032694121344 2.4918183194197
253.22155855950263 2.4919720097337166
257.3032007172215 2.4921769301524073
261.90156833979535 2.632982872844549
264.4599299079023 2.791258281229986
267.0239966467568 3.0725371709338987
268.0492973325416 3.178019956454409
