28.645833333333343 0.04051863857374727
31.25 0.04051863857374727
33.33333333333334 0.04051863857374727
33.33333333333334 0.04051863857374727
36.45833333333334 0.04051863857374727
38.02083333333334 0.04051863857374727
39.0625 0.04051863857374727
45.3125 0.08103727714749098
46.875 0.12155591572123114
47.91666666666666 0.12155591572123114
49.47916666666667 0.12155591572123114
56.249999999999986 0.08103727714749098
58.85416666666667 0.04051863857374727
63.02083333333333 0.12155591572123114
67.70833333333333 0.20259319286872213
72.91666666666667 0.24311183144246584
77.08333333333333 0.4051863857374407
79.16666666666667 0.4457050243111844
84.89583333333333 0.48622366288492813
89.06249999999999 0.6482982171799065
90.62499999999999 0.7698541329011377
91.14583333333333 0.8914100486223688
91.66666666666667 1.2155591572123186
93.22916666666667 1.4181523500810407
96.87499999999999 1.661264181523503
102.0833333333333 1.9854132901134562
103.12499999999999 2.06645056726094
105.2083333333333 2.1069692058346874
107.29166666666667 2.3500810372771497
107.81249999999999 2.5526742301458683
108.3333333333333 2.7957860615883305
109.37499999999999 2.957860615883309
113.0208333333333 3.0388978930307964
113.54166666666667 3.119935170178284
118.22916666666667 3.484602917341981
121.87499999999999 3.8492706645056742
123.43749999999999 3.9303079416531617
130.20833333333331 4.254457050243115
133.33333333333331 4.578606158833065
134.89583333333331 4.7406807131280395
137.5 4.943273905996762
139.58333333333331 5.0243111831442455
141.66666666666669 5.064829821717993
146.875 5.064829821717993
150.52083333333331 5.307941653160455
154.16666666666669 5.551053484602921
158.33333333333331 5.7536466774716395
165.10416666666669 6.077795786061589
166.66666666666663 6.15883306320908
169.79166666666663 6.361426256077795
171.875 6.48298217179903
172.91666666666663 6.523500810372774
179.16666666666663 6.726094003241492
180.72916666666663 6.847649918962723
183.33333333333331 7.0502431118314455
184.37499999999994 7.090761750405186
187.49999999999994 7.293354943273908
191.14583333333331 7.53646677471637
192.70833333333331 7.576985413290114
194.79166666666663 7.576985413290114
194.79166666666663 7.576985413290114
201.04166666666663 7.49594813614263
202.60416666666663 7.3338735818476515
207.29166666666663 7.21231766612642
211.45833333333331 7.252836304700164
214.58333333333331 7.455429497568883
217.1875 7.9821717990275545
218.75 8.10372771474879
220.3125 8.265802269043764
221.875 8.346839546191251
224.47916666666663 8.427876823338735
