22.564469914040117 0.0660526674853319
26.074498567335226 0.06595715650156908
37.106017191977074 0.12279983626688473
43.123209169054434 0.17977896029471907
48.63896848137536 0.23677172874880625
52.65042979942693 0.26523400191021995
58.166189111747855 0.19841724655478288
64.18338108882521 0.15063446582071283
71.20343839541547 0.14091963432937682
76.71919770773638 0.17886478373584325
79.72779369627506 0.14068767908309532
84.74212034383956 0.11197980624914727
89.25501432664754 0.10233319688907017
93.26647564469914 0.08317642243143641
100.78796561604585 0.1210669941328959
108.30945558739256 0.17800518488197525
112.32091690544414 0.19694364851958035
115.32951289398278 0.1968617819620686
121.34670487106018 0.21574566789466498
126.86246418338109 0.2632146268249418
133.3810888252149 0.2916086778550957
138.39541547277938 0.25337699549733816
146.91977077363896 0.23409742120343857
155.44412607449857 0.23386546595715618
162.46418338108882 0.2908173011324875
168.4813753581662 0.32874880611270285
173.9971346704871 0.37621776504298055
179.512893982808 0.4617819620684953
185.53008595988538 0.5663801337153771
194.054441260745 0.6423386546595715
201.07449856733524 0.7088142993587123
207.59312320916905 0.7467321599126757
