27.645416789596737 2.641955835962147
31.166625059573803 2.8391167192429023
37.20581894106168 3.0362776025236613
45.762998434060336 3.2334384858044167
49.78780382633957 3.4305993690851757
53.80704899802555 3.9037854889589916
54.81106597371948 4.061514195583598
57.319519778499 4.534700315457414
62.33960465696845 5.323343848580443
70.39000975875453 5.678233438485805
76.42761500578717 5.954258675078865
82.46680888727505 6.151419558359624
84.48040305925608 6.190851735015773
85.48124276603954 6.506309148264986
84.97685132650977 6.5457413249211385
87.49404262079298 6.585173501577287
97.56757370129134 6.506309148264986
104.11433629121942 6.506309148264986
111.6722647118898 6.3091482649842305
119.72584708258631 6.506309148264986
123.24943830424624 6.585173501577287
128.28223225835737 6.742902208201894
134.81946304155414 7.21608832807571
137.8378685064567 7.373817034700316
141.3662256314822 7.21608832807571
145.40532873385834 6.703470031545745
155.98483988834172 6.506309148264986
162.02721103874 6.5457413249211385
167.55804189456006 6.979495268138802
168.05607879626902 7.255520504731862
176.0826543812269 8.793375394321767
180.1066654562785 9.029968454258675
186.6359530671993 9.89747634069401
190.14365794430705 10.764984227129336
191.14132038218008 11.238170347003155
191.64174023557183 11.39589905362776
193.65533440755286 11.435331230283913
200.70648843701065 11.39589905362776
204.2340512448086 11.277602523659308
208.7656310283004 11.317034700315457
216.3195878628328 11.317034700315457
226.3939132605588 11.198738170347005
226.40185643283485 10.804416403785492
229.42661643555823 10.646687697160885
234.9606245602887 10.922712933753942
238.44370560334067 13.012618296529968
241.4573451648776 13.406940063091485
246.48775616730592 13.682965299684543
247.49733336359304 13.56466876971609
252.04479949163704 12.815457413249213
255.57951115448333 12.342271293375395
258.60427115720677 12.184542586750789
269.17504482218646 12.421135646687699
274.20307287293195 12.815457413249213
280.2510042439235 12.578864353312303
283.27338129496405 12.53943217665615
289.82093820211975 12.5
295.36368381635384 12.342271293375395
302.4156321630393 12.263406940063092
307.95361187390785 12.342271293375395
312.9895830969294 12.342271293375395
317.0167714408915 12.421135646687699
319.02957129564487 12.5
175.0794317227606 8.596214511041008
175.0897578467195 8.083596214511044
173.08966706760776 7.373817034700316
237.44842611715046 12.421135646687699
250.52527063522683 13.249211356466878
