29.82168330955777 0.628571428571429
32.31732445712474 0.6380952380952385
35.813124108416545 0.628571428571429
38.81042954509431 0.60952380952381
38.81042954509431 0.60952380952381
45.8020288476779 0.590476190476191
48.29846251386907 0.590476190476191
58.78823902361705 0.5333333333333332
71.27674750356631 0.4571428571428582
75.7647804723411 0.5238095238095246
78.2564590267871 0.5809523809523816
82.74686955143446 0.6190476190476195
85.24251069900143 0.628571428571429
94.72737359327942 0.647619047619048
100.7188143921382 0.647619047619048
106.71184022824536 0.628571428571429
107.21112696148361 0.628571428571429
116.66983674116338 0.961904761904762
119.17023300047549 0.9142857142857146
128.6638135996196 0.8285714285714292
132.15802821366302 0.8380952380952387
137.65018227928357 0.8380952380952387
148.64083055951815 0.7619047619047619
153.13203360278968 0.7904761904761912
161.6199080678396 0.7904761904761912
165.11095260738625 0.8380952380952387
166.10714851799017 0.8666666666666671
168.10033285782214 0.9142857142857146
168.5916944048185 1.0095238095238104
170.5777460770328 1.1428571428571432
176.5549215406562 1.314285714285715
183.03534633063876 1.4380952380952383
194.50150578538594 1.647619047619048
200.4810588048819 1.7904761904761908
210.9565699793945 1.904761904761905
223.43160564273256 1.990476190476191
237.90220320177525 2.0952380952380953
243.3896021556506 2.1523809523809523
253.37058170867016 2.20952380952381
270.3391979711523 2.2952380952380955
283.31193533048025 2.400000000000001
289.2970359803455 2.4761904761904763
305.76715802821366 2.5523809523809526
