68.95513872879482 0.7079604596737568
69.46452897411714 0.6904141488234536
75.5935124058356 0.8312969366726026
79.16657934262462 0.8666200938442365
86.82291848591755 0.9372920232398361
88.35434931945464 0.9549407942994854
89.8849651285992 0.9550176394564946
91.92497118306612 0.937548173763199
96.006613340785 0.9377530941818879
101.10866603793356 0.9380092447052508
104.17071268061524 0.9557348609219076
110.29399094158605 0.9736141674525829
115.90380383527192 0.9211801553203607
118.4540151594537 0.9037363046794038
124.58055351799457 0.9919033148206342
136.82792506432872 1.0452338537846213
141.93160781026228 1.0806338561132627
152.14304842409211 1.2392934902837442
154.18468452734407 1.256967876395727
160.8214281555998 1.3451605015892945
162.3528589891369 1.3628092726489438
181.23941923690433 1.5570482145144187
187.87371779198247 1.5925250620000693
198.59780874870472 1.803926088930801
206.76842828367506 1.9624832628919364
219.53171027047165 2.138842898226738
232.8133477709083 2.4909474076402685
235.87783948676747 2.5613888015648447
249.66642215934888 2.8432312224201546
255.28520032135242 2.9840883952169692
164.3953101167814 1.3980555846635685
168.4769522745002 1.3982605050822592
169.5006229115 1.4685994387974883
175.6263462456484 1.5391945230360786
182.26390489829657 1.6449590741322897
188.90146355094487 1.7507236252284972
196.04596737573792 1.7862260877664813
202.1716907098862 1.8568211720050751
208.81006438692702 1.980157649003921
214.42721250014557 2.0858709699954563
221.5766064712937 2.2268049879492793
131.7242423183951 1.0098338514559817
