91.8687589158345 1.0497748751783167
104.8502139800285 1.1363498573466462
113.33808844507844 1.1023916726105547
129.3152639087018 1.1031762660485
135.80599144079883 1.2753700071326683
141.29814550641936 1.4647022111269603
143.79457917261055 1.5507623038516396
153.78031383737516 1.8606276747503543
160.77032810271038 2.153158434379458
168.7589158345221 2.4801132310984286
178.7446504992867 2.996228601997146
187.73181169757487 3.3747949358059914
205.70613409415114 3.9428651034236806
215.19258202567755 4.44176845577746
230.67047075606268 5.233153530670471
243.15263908701849 5.783766494293865
255.6348074179743 6.471879457917261
268.6162624821683 7.056891940085592
299.5720399429386 8.175599589871611
