25.57306590257879 0.42787556283258255
32.0916905444126 0.4848410424341658
40.11461318051575 0.5227179697093733
48.13753581661891 0.5605948969845826
57.163323782234954 0.5793969163596664
61.67621776504296 0.5792741165233997
67.1919770773639 0.5886478373584385
70.20057306590257 0.5980897803247371
76.21776504297992 0.5979260472097145
80.22922636103152 0.6073407013235093
87.24928366762177 0.6166734888797922
91.76217765042978 0.6260744985673359
98.28080229226359 0.6544685495974889
103.29512893982809 0.6638559148587797
107.30659025787966 0.6637467594487649
112.32091690544414 0.6636103151862462
118.33810888252148 0.6634465820712236
121.84813753581662 0.6728748806112694
129.36962750716333 0.6726702142174918
131.3753581661891 0.672615636512484
135.88825214899714 0.6724928366762173
140.40114613180515 0.6723700368399506
142.9083094555874 0.6723018147086908
149.4269340974212 0.6530768181197972
155.44412607449857 0.6338654659571565
158.45272206303724 0.6242597898758362
171.48997134670486 0.6334288443170966
178.0085959885387 0.652299085823441
193.55300859598853 0.6804475371810614
