31.81328261214138 0.6952380952380954
31.313203360278948 0.7047619047619049
37.29671897289586 0.8000000000000007
44.77967982247581 0.8761904761904766
52.76192740529402 0.9523809523809534
64.73450626089712 1.0761904761904768
61.744333491837054 1.0095238095238104
69.2225392296719 1.1428571428571432
74.70914566492311 1.2095238095238097
78.69947693770803 1.257142857142858
85.68394357267397 1.3238095238095244
89.67506736408305 1.3619047619047624
95.66333808844507 1.4000000000000004
99.65525439847835 1.4285714285714288
106.64051355206846 1.4857142857142862
108.13678871453479 1.5047619047619052
114.62355365351087 1.5523809523809526
124.60136313203361 1.647619047619048
132.08670153748614 1.6952380952380959
134.58075764780475 1.7238095238095243
142.56379774924707 1.7904761904761908
150.5460453320653 1.8666666666666671
160.5270248850848 1.923809523809524
166.51371057219842 1.980952380952381
173.496592169916 2.066666666666667
175.49215406562053 2.085714285714286
175.49215406562053 2.085714285714286
180.48026628625774 2.1428571428571432
192.95530194959582 2.2285714285714286
201.440006340149 2.266666666666667
209.92154065620542 2.342857142857143
218.40148993501344 2.4380952380952383
223.38801711840222 2.5142857142857147
228.37612933903944 2.571428571428572
233.36582659692505 2.6095238095238096
241.84736091298146 2.685714285714286
248.33254081470915 2.7523809523809524
259.8090030115708 2.8380952380952387
264.2970359803455 2.904761904761905
277.7690600729117 3.00952380952381
279.2661277540022 3.0190476190476194
