28.648639448063022 2.8391167192429023
43.21165149899009 4.889589905362776
55.263826793454854 6.585173501577287
35.17554410730091 3.82492113564669
46.71379615550464 6.0331230283911665
61.78755418378233 7.728706624605678
70.32567006331846 8.872239747634072
76.35215486916462 9.70031545741325
86.40423938451764 10.686119873817034
92.43628441095706 11.238170347003155
99.48028958536642 11.553627760252366
111.05508022603999 11.947949526813881
119.60987676735584 12.263406940063092
129.18616526337294 11.869085173501578
134.71540748473777 12.381703470031548
137.7346072668679 12.5
125.64986496607133 12.421135646687699
140.75301273177044 12.657728706624606
147.79940085786262 12.854889589905362
162.90254862356173 13.091482649842272
169.44692826180696 13.209779179810727
181.5292876109208 13.406940063091485
187.57165876131904 13.446372239747635
193.1104327894152 13.485804416403786
205.70036084696915 13.485804416403786
210.231940630461 13.525236593059939
228.35984839888346 13.60410094637224
231.38143113269643 13.60410094637224
242.96416494564602 13.60410094637224
253.53970451399135 13.60410094637224
261.5980527880535 13.56466876971609
266.1320155232281 13.485804416403786
272.68116106483905 13.367507886435332
278.2215237273904 13.328075709779181
288.2982320767992 13.091482649842272
295.85457186301437 12.973186119873818
302.4045117218528 12.815457413249213
302.4045117218528 12.815457413249213
319.02718834396205 12.618296529968454
