27.604166666666657 0.5672609400324156
30.208333333333343 0.5267423014586754
32.29166666666666 0.48622366288492813
37.5 0.6077795786061593
41.66666666666666 0.7293354943273904
44.270833333333314 0.7293354943273904
52.08333333333333 0.6888168557536503
57.29166666666667 0.6888168557536503
60.41666666666667 0.7698541329011377
61.97916666666667 0.8103727714748814
69.27083333333333 1.0940032414910874
72.39583333333333 1.5397082658022718
77.08333333333333 1.9043760129659653
82.29166666666667 2.3905996758508934
87.49999999999999 3.0388978930307964
93.22916666666667 3.525121555915721
99.99999999999999 4.051863857374393
105.2083333333333 4.497568881685577
110.41666666666667 4.8217179902755305
117.18749999999999 5.226904376012968
123.43749999999999 5.591572123176665
124.99999999999999 5.713128038897896
132.29166666666669 6.118314424635333
134.89583333333331 6.280388978930311
140.625 6.6855753646677485
141.66666666666669 6.6855753646677485
150 6.847649918962723
156.77083333333331 7.171799027552677
159.375 7.252836304700164
167.70833333333331 7.455429497568883
172.39583333333331 7.53646677471637
181.24999999999994 7.779578606158836
189.06249999999994 7.901134521880067
191.14583333333331 8.022690437601298
196.35416666666663 8.184764991896273
197.91666666666663 8.184764991896273
202.08333333333331 8.22528363047002
206.25 8.265802269043764
209.375 8.387358184764995
213.02083333333331 8.508914100486226
214.58333333333331 8.508914100486226
216.14583333333331 8.54943273905997
